function [C] = elasticity_tensor(H)
%
%
%
%

M = [[0.0002288, 0.0000285, -0.0000820];...
    [0.0000285, 0.0002559, -0.0000081];...
    [-0.0000820, -0.0000081, 0.0003530]];

end