function [color1, color2, color3] = import_custom_colors()

color1 = [83/255; 0/255; 228/255];
color2 = [103/255; 190/255; 175/255];
color3 = [108/255; 255/255; 52/255];

end